25	5315
25.01	5520
25.02	5495
25.03	5610
25.04	5635
25.05	5485
25.06	5715
25.07	5385
25.08	5460
25.09	5575
25.1	5565
25.11	5285
25.12	5390
25.13	5390
25.14	5410
25.15	5345
25.16	5210
25.17	5505
25.18	5520
25.19	5365
25.2	5080
25.21	5320
25.22	5495
25.23	5215
25.24	5280
25.25	5315
25.26	5305
25.27	5050
25.28	5535
25.29	5005
25.3	5540
25.31	5395
25.32	5435
25.33	5165
25.34	5425
25.35	5415
25.36	5365
25.37	5255
25.38	5200
25.39	5265
25.4	5365
25.41	5195
25.42	5470
25.43	5300
25.44	5515
25.45	5385
25.46	5310
25.47	5350
25.48	5275
25.49	5515
25.5	5235
25.51	5090
25.52	5145
25.53	5125
25.54	5440
25.55	5315
25.56	5235
25.57	5130
25.58	5335
25.59	4945
25.6	5305
25.61	5225
25.62	5300
25.63	5065
25.64	5300
25.65	5170
25.66	5055
25.67	4745
25.68	5030
25.69	4950
25.7	5175
25.71	5460
25.72	5215
25.73	5075
25.74	5040
25.75	4900
25.76	5140
25.77	5020
25.78	5500
25.79	5010
25.8	4890
25.81	5075
25.82	5100
25.83	4930
25.84	5265
25.85	5360
25.86	5140
25.87	5230
25.88	5110
25.89	5160
25.9	5070
25.91	5135
25.92	4980
25.93	5135
25.94	5100
25.95	4835
25.96	4990
25.97	4980
25.98	5130
25.99	5000
26	5070
26.01	5235
26.02	4925
26.03	4805
26.04	4830
26.05	5165
26.06	5125
26.07	4875
26.08	4825
26.09	5075
26.1	5155
26.11	5100
26.12	5015
26.13	5180
26.14	4815
26.15	4865
26.16	5145
26.17	4890
26.18	5115
26.19	5030
26.2	4695
26.21	4760
26.22	4900
26.23	5060
26.24	4970
26.25	4895
26.26	5115
26.27	4785
26.28	4660
26.29	4790
26.3	5085
26.31	4865
26.32	4660
26.33	4950
26.34	5070
26.35	5085
26.36	4990
26.37	4705
26.38	4955
26.39	4750
26.4	4935
26.41	4890
26.42	4960
26.43	4770
26.44	4530
26.45	4735
26.46	4920
26.47	4950
26.48	5000
26.49	5005
26.5	4770
26.51	4765
26.52	4845
26.53	4705
26.54	4545
26.55	4915
26.56	4870
26.57	4750
26.58	4610
26.59	4635
26.6	4440
26.61	4500
26.62	4840
26.63	4820
26.64	4795
26.65	4940
26.66	4805
26.67	5030
26.68	4710
26.69	4935
26.7	4670
26.71	4610
26.72	4670
26.73	5040
26.74	4850
26.75	4830
26.76	4815
26.77	4895
26.78	4500
26.79	4490
26.8	4600
26.81	4800
26.82	4695
26.83	4535
26.84	4500
26.85	4725
26.86	4500
26.87	4665
26.88	4505
26.89	4965
26.9	4540
26.91	4590
26.92	4855
26.93	4830
26.94	4645
26.95	4655
26.96	4865
26.97	4495
26.98	4640
26.99	4630
27	4440
27.01	4630
27.02	4430
27.03	4440
27.04	4475
27.05	4575
27.06	4610
27.07	4725
27.08	4445
27.09	4480
27.1	4540
27.11	4660
27.12	4360
27.13	4335
27.14	4440
27.15	4885
27.16	4750
27.17	4705
27.18	4465
27.19	4835
27.2	4410
27.21	4540
27.22	4435
27.23	4605
27.24	4480
27.25	4350
27.26	4630
27.27	4440
27.28	4390
27.29	4265
27.3	4515
27.31	4645
27.32	4390
27.33	4455
27.34	4470
27.35	4555
27.36	4435
27.37	4645
27.38	4625
27.39	4400
27.4	4330
27.41	4390
27.42	4400
27.43	4380
27.44	4380
27.45	4475
27.46	4200
27.47	4420
27.48	4490
27.49	4435
27.5	4390
27.51	4535
27.52	4395
27.53	4500
27.54	4380
27.55	4475
27.56	4195
27.57	4455
27.58	4385
27.59	4360
27.6	4480
27.61	4520
27.62	4355
27.63	4325
27.64	4305
27.65	4135
27.66	4205
27.67	4520
27.68	4395
27.69	4295
27.7	4255
27.71	4515
27.72	4215
27.73	4335
27.74	4465
27.75	4420
27.76	4305
27.77	4030
27.78	4310
27.79	4465
27.8	4515
27.81	4405
27.82	4480
27.83	4355
27.84	4375
27.85	4370
27.86	4220
27.87	4380
27.88	4605
27.89	4160
27.9	4210
27.91	4360
27.92	4545
27.93	4340
27.94	4585
27.95	4305
27.96	4295
27.97	4280
27.98	4600
27.99	4480
28	4625
28.01	4515
28.02	4475
28.03	4605
28.04	4685
28.05	4720
28.06	4715
28.07	4625
28.08	4895
28.09	5330
28.1	5025
28.11	5130
28.12	5260
28.13	5135
28.14	5490
28.15	5470
28.16	5760
28.17	6150
28.18	6045
28.19	6445
28.2	6630
28.21	6735
28.22	7230
28.23	7430
28.24	7845
28.25	7365
28.26	7775
28.27	7705
28.28	7850
28.29	7715
28.3	7550
28.31	7445
28.32	7320
28.33	7265
28.34	6970
28.35	6680
28.36	6200
28.37	6245
28.38	6080
28.39	6080
28.4	5610
28.41	5495
28.42	5385
28.43	5295
28.44	5210
28.45	4840
28.46	4840
28.47	4790
28.48	4755
28.49	4500
28.5	4490
28.51	4795
28.52	4575
28.53	4430
28.54	4475
28.55	4595
28.56	4310
28.57	4510
28.58	4315
28.59	4035
28.6	4225
28.61	4020
28.62	4315
28.63	4310
28.64	4265
28.65	3965
28.66	4100
28.67	4310
28.68	4045
28.69	4225
28.7	4145
28.71	4060
28.72	4275
28.73	4010
28.74	4165
28.75	3970
28.76	4070
28.77	4130
28.78	4065
28.79	3985
28.8	4225
28.81	4120
28.82	3995
28.83	3915
28.84	3710
28.85	4165
28.86	4065
28.87	3605
28.88	3790
28.89	4060
28.9	3955
28.91	3950
28.92	3880
28.93	3970
28.94	4090
28.95	3915
28.96	3720
28.97	3870
28.98	3885
28.99	3915
29	4035
29.01	4075
29.02	3625
29.03	3670
29.04	4140
29.05	3855
29.06	3945
29.07	3945
29.08	3760
29.09	4035
29.1	3745
29.11	3925
29.12	3855
29.13	3970
29.14	4000
29.15	3405
29.16	3855
29.17	4025
29.18	3905
29.19	3905
29.2	3945
29.21	3790
29.22	3775
29.23	3920
29.24	3935
29.25	4130
29.26	4130
29.27	3645
29.28	4030
29.29	3930
29.3	3995
29.31	4310
29.32	4205
29.33	4150
29.34	4140
29.35	4410
29.36	4465
29.37	4815
29.38	4735
29.39	4620
29.4	4415
29.41	4710
29.42	4460
29.43	4455
29.44	4400
29.45	4460
29.46	4365
29.47	4195
29.48	3730
29.49	3920
29.5	3985
29.51	3950
29.52	3685
29.53	3615
29.54	3890
29.55	3830
29.56	3745
29.57	3800
29.58	3520
29.59	3790
29.6	3755
29.61	3715
29.62	3585
29.63	3625
29.64	3730
29.65	3785
29.66	3680
29.67	3850
29.68	3530
29.69	3455
29.7	3590
29.71	3755
29.72	3655
29.73	3620
29.74	3525
29.75	3935
29.76	3785
29.77	3720
29.78	3600
29.79	3530
29.8	3415
29.81	3630
29.82	3795
29.83	3575
29.84	3585
29.85	3670
29.86	3555
29.87	3655
29.88	3665
29.89	3500
29.9	3680
29.91	3910
29.92	3575
29.93	3610
29.94	3755
29.95	3545
29.96	3615
29.97	3635
29.98	3550
29.99	3720
30	3700
30.01	3310
30.02	3435
30.03	3580
30.04	3260
30.05	3355
30.06	3430
30.07	3530
30.08	3595
30.09	3500
30.1	3470
30.11	3625
30.12	3420
30.13	3450
30.14	3455
30.15	3450
30.16	3390
30.17	3190
30.18	3540
30.19	3620
30.2	3425
30.21	3595
30.22	3625
30.23	3455
30.24	3565
30.25	3510
30.26	3415
30.27	3425
30.28	3350
30.29	3555
30.3	3520
30.31	3520
30.32	3480
30.33	3480
30.34	3625
30.35	3650
30.36	3440
30.37	3600
30.38	3560
30.39	3360
30.4	3540
30.41	3490
30.42	3565
30.43	3685
30.44	3510
30.45	3470
30.46	3405
30.47	3465
30.48	3300
30.49	3335
30.5	3520
30.51	3430
30.52	3340
30.53	3375
30.54	3430
30.55	3465
30.56	3355
30.57	3265
30.58	3435
30.59	3525
30.6	3270
30.61	3595
30.62	3385
30.63	3455
30.64	3380
30.65	3565
30.66	3650
30.67	3600
30.68	3305
30.69	3375
30.7	3250
30.71	3325
30.72	3370
30.73	3280
30.74	3600
30.75	3465
30.76	3590
30.77	3435
30.78	3215
30.79	3405
30.8	3315
30.81	3295
30.82	3455
30.83	3365
30.84	3485
30.85	3275
30.86	3200
30.87	3415
30.88	3510
30.89	3495
30.9	3415
30.91	3370
30.92	3420
30.93	3550
30.94	3300
30.95	3265
30.96	3325
30.97	3365
30.98	3135
30.99	3235
31	3270
31.01	3410
31.02	3415
31.03	3390
31.04	3385
31.05	3450
31.06	3205
31.07	3275
31.08	3425
31.09	3335
31.1	3315
31.11	3340
31.12	3100
31.13	3160
31.14	3065
31.15	3045
31.16	3135
31.17	3160
31.18	3480
31.19	3175
31.2	3020
31.21	3270
31.22	3435
31.23	3145
31.24	3115
31.25	3145
31.26	3015
31.27	3090
31.28	3125
31.29	3205
31.3	3140
31.31	3110
31.32	3240
31.33	3135
31.34	3240
31.35	2915
31.36	3065
31.37	3090
31.38	3060
31.39	3280
31.4	3120
31.41	3235
31.42	3235
31.43	3325
31.44	3110
31.45	3090
31.46	3210
31.47	3125
31.48	3195
31.49	3110
31.5	3140
31.51	3165
31.52	3220
31.53	3295
31.54	3210
31.55	3235
31.56	3475
31.57	3240
31.58	3235
31.59	3105
31.6	3015
31.61	3295
31.62	3240
31.63	3205
31.64	3450
31.65	3390
31.66	3295
31.67	3100
31.68	3165
31.69	3260
31.7	3605
31.71	3290
31.72	3475
31.73	3475
31.74	3630
31.75	3565
31.76	3705
31.77	3410
31.78	3595
31.79	3900
31.8	3970
31.81	4020
31.82	4260
31.83	4335
31.84	4365
31.85	4335
31.86	4390
31.87	4585
31.88	4605
31.89	5115
31.9	5165
31.91	4870
31.92	5225
31.93	5145
31.94	5075
31.95	5335
31.96	5165
31.97	5015
31.98	5265
31.99	5090
32	4825
32.01	4765
32.02	4705
32.03	4485
32.04	4540
32.05	4195
32.06	4290
32.07	4245
32.08	3995
32.09	4090
32.1	3605
32.11	3540
32.12	3615
32.13	3610
32.14	3510
32.15	3345
32.16	3440
32.17	3290
32.18	3375
32.19	3105
32.2	3075
32.21	3255
32.22	2955
32.23	3235
32.24	3025
32.25	3100
32.26	2950
32.27	3255
32.28	3085
32.29	3175
32.3	3080
32.31	2885
32.32	3015
32.33	3070
32.34	2910
32.35	3125
32.36	3010
32.37	2725
32.38	2900
32.39	3305
32.4	3045
32.41	3040
32.42	3105
32.43	2945
32.44	3030
32.45	3075
32.46	2840
32.47	3140
32.48	2960
32.49	3050
32.5	3000
32.51	2980
32.52	2860
32.53	2775
32.54	2660
32.55	2885
32.56	2930
32.57	2990
32.58	3000
32.59	2965
32.6	2920
32.61	2960
32.62	2935
32.63	2825
32.64	3110
32.65	2840
32.66	2740
32.67	2950
32.68	2910
32.69	2855
32.7	2900
32.71	2670
32.72	2550
32.73	2755
32.74	2770
32.75	2830
32.76	2780
32.77	2785
32.78	2865
32.79	2885
32.8	2895
32.81	2730
32.82	2865
32.83	2915
32.84	2610
32.85	2875
32.86	2645
32.87	2710
32.88	2745
32.89	2900
32.9	2780
32.91	2735
32.92	2715
32.93	2835
32.94	2660
32.95	2740
32.96	2720
32.97	2580
32.98	2620
32.99	2650
33	2820
33.01	2615
33.02	2700
33.03	2730
33.04	2730
33.05	2775
33.06	2680
33.07	2700
33.08	2745
33.09	2615
33.1	2760
33.11	2775
33.12	2655
33.13	2865
33.14	2790
33.15	2740
33.16	2635
33.17	2820
33.18	2640
33.19	2920
33.2	2840
33.21	2650
33.22	2545
33.23	2780
33.24	2810
33.25	2775
33.26	2655
33.27	2760
33.28	2865
33.29	2725
33.3	2610
33.31	2695
33.32	2550
33.33	2480
33.34	2715
33.35	2715
33.36	2615
33.37	2665
33.38	2520
33.39	2705
33.4	2645
33.41	2610
33.42	2560
33.43	2535
33.44	2620
33.45	2655
33.46	2700
33.47	2565
33.48	2485
33.49	2435
33.5	2665
33.51	2580
33.52	2685
33.53	2560
33.54	2520
33.55	2795
33.56	2735
33.57	2585
33.58	2580
33.59	2665
33.6	2475
33.61	2760
33.62	2585
33.63	2675
33.64	2635
33.65	2630
33.66	2585
33.67	2555
33.68	2560
33.69	2510
33.7	2495
33.71	2640
33.72	2460
33.73	2670
33.74	2530
33.75	2660
33.76	2600
33.77	2440
33.78	2640
33.79	2260
33.8	2405
33.81	2425
33.82	2645
33.83	2480
33.84	2580
33.85	2415
33.86	2510
33.87	2520
33.88	2365
33.89	2635
33.9	2570
33.91	2495
33.92	2450
33.93	2370
33.94	2360
33.95	2410
33.96	2300
33.97	2425
33.98	2500
33.99	2530
34	2655
34.01	2455
34.02	2295
34.03	2445
34.04	2525
34.05	2445
34.06	2550
34.07	2485
34.08	2635
34.09	2435
34.1	2225
34.11	2545
34.12	2665
34.13	2655
34.14	2290
34.15	2450
34.16	2570
34.17	2500
34.18	2520
34.19	2695
34.2	2695
34.21	2540
34.22	2530
34.23	2585
34.24	2510
34.25	2350
34.26	2455
34.27	2350
34.28	2455
34.29	2300
34.3	2515
34.31	2420
34.32	2465
34.33	2510
34.34	2505
34.35	2525
34.36	2475
34.37	2575
34.38	2605
34.39	2445
34.4	2365
34.41	2365
34.42	2485
34.43	2395
34.44	2230
34.45	2245
34.46	2400
34.47	2540
34.48	2495
34.49	2460
34.5	2460
34.51	2395
34.52	2560
34.53	2425
34.54	2390
34.55	2385
34.56	2310
34.57	2355
34.58	2345
34.59	2325
34.6	2390
34.61	2400
34.62	2275
34.63	2715
34.64	2480
34.65	2420
34.66	2435
34.67	2505
34.68	2255
34.69	2405
34.7	2495
34.71	2185
34.72	2450
34.73	2345
34.74	2495
34.75	2435
34.76	2480
34.77	2455
34.78	2500
34.79	2470
34.8	2290
34.81	2450
34.82	2310
34.83	2420
34.84	2220
34.85	2480
34.86	2350
34.87	2480
34.88	2485
34.89	2325
34.9	2465
34.91	2220
34.92	2340
34.93	2635
34.94	2265
34.95	2285
34.96	2485
34.97	2430
34.98	2515
34.99	2320
35	2080
35.01	2405
35.02	2640
35.03	2335
35.04	2300
35.05	2300
35.06	2445
35.07	2390
35.08	2245
35.09	2210
35.1	2195
35.11	2195
35.12	2290
35.13	2180
35.14	2345
35.15	2195
35.16	2255
35.17	2265
35.18	2225
35.19	2115
35.2	2295
35.21	2360
35.22	2350
35.23	2210
35.24	2455
35.25	2275
35.26	2200
35.27	2380
35.28	2140
35.29	2290
35.3	2485
35.31	2405
35.32	2260
35.33	2290
35.34	2300
35.35	2260
35.36	2225
35.37	2170
35.38	2110
35.39	2230
35.4	2120
35.41	2345
35.42	2195
35.43	2225
35.44	2185
35.45	2200
35.46	2200
35.47	2235
35.48	2135
35.49	2265
35.5	2330
35.51	2225
35.52	2145
35.53	2135
35.54	2120
35.55	2265
35.56	2270
35.57	2285
35.58	2045
35.59	2205
35.6	2280
35.61	2235
35.62	2245
35.63	2095
35.64	2165
35.65	2135
35.66	2405
35.67	2220
35.68	2085
35.69	2270
35.7	2070
35.71	2210
35.72	2040
35.73	2200
35.74	2345
35.75	2320
35.76	2155
35.77	2190
35.78	2230
35.79	2240
35.8	2195
35.81	2170
35.82	2215
35.83	2325
35.84	2170
35.85	2095
35.86	2055
35.87	2180
35.88	2160
35.89	2080
35.9	2240
35.91	2235
35.92	2290
35.93	2100
35.94	2035
35.95	2135
35.96	2170
35.97	2110
35.98	2250
35.99	2135
36	2035
36.01	2105
36.02	2065
36.03	2115
36.04	2165
36.05	2065
36.06	2060
36.07	2125
36.08	2120
36.09	2100
36.1	2265
36.11	2225
36.12	2095
36.13	2265
36.14	1925
36.15	2000
36.16	2090
36.17	1950
36.18	1995
36.19	1875
36.2	2130
36.21	2055
36.22	2220
36.23	2165
36.24	2195
36.25	2120
36.26	2120
36.27	2260
36.28	2230
36.29	2190
36.3	2100
36.31	2110
36.32	1955
36.33	2080
36.34	2010
36.35	1900
36.36	2030
36.37	1910
36.38	2130
36.39	2085
36.4	2015
36.41	2170
36.42	2070
36.43	2170
36.44	2215
36.45	2005
36.46	2030
36.47	2000
36.48	2060
36.49	2005
36.5	2160
36.51	2060
36.52	2000
36.53	2055
36.54	2115
36.55	1930
36.56	2095
36.57	2080
36.58	2125
36.59	2005
36.6	1995
36.61	1960
36.62	2105
36.63	2015
36.64	2235
36.65	1895
36.66	1865
36.67	2000
36.68	1985
36.69	2055
36.7	2005
36.71	2155
36.72	2070
36.73	1945
36.74	2085
36.75	1815
36.76	2015
36.77	2145
36.78	2300
36.79	1855
36.8	1950
36.81	2195
36.82	1905
36.83	2020
36.84	2180
36.85	1885
36.86	1980
36.87	1935
36.88	2050
36.89	2040
36.9	1895
36.91	1940
36.92	1910
36.93	1960
36.94	1975
36.95	1880
36.96	1845
36.97	1985
36.98	1870
36.99	1835
37	2060
37.01	2035
37.02	1870
37.03	1830
37.04	1960
37.05	1750
37.06	2220
37.07	1935
37.08	2045
37.09	2090
37.1	1855
37.11	2145
37.12	2045
37.13	2035
37.14	2195
37.15	2000
37.16	1945
37.17	1940
37.18	1980
37.19	2050
37.2	2030
37.21	1955
37.22	1880
37.23	2100
37.24	1930
37.25	2065
37.26	1920
37.27	2105
37.28	1885
37.29	1930
37.3	1890
37.31	1780
37.32	1915
37.33	1890
37.34	2020
37.35	1980
37.36	1940
37.37	2010
37.38	1845
37.39	2025
37.4	2030
37.41	2040
37.42	1960
37.43	1955
37.44	1970
37.45	2000
37.46	1830
37.47	1840
37.48	1925
37.49	1915
37.5	1895
37.51	1895
37.52	2035
37.53	2190
37.54	1885
37.55	1940
37.56	1990
37.57	2105
37.58	1885
37.59	1685
37.6	1730
37.61	1980
37.62	2030
37.63	1955
37.64	1920
37.65	1935
37.66	1965
37.67	1925
37.68	1955
37.69	1900
37.7	1915
37.71	1965
37.72	1825
37.73	1960
37.74	1905
37.75	1890
37.76	1905
37.77	2040
37.78	1850
37.79	1875
37.8	1970
37.81	1920
37.82	1910
37.83	1900
37.84	1980
37.85	1815
37.86	1920
37.87	1775
37.88	1930
37.89	1810
37.9	1745
37.91	1830
37.92	1915
37.93	1820
37.94	1920
37.95	1805
37.96	1935
37.97	1930
37.98	1930
37.99	1705
38	1850
38.01	1885
38.02	1860
38.03	1880
38.04	1760
38.05	1985
38.06	1890
38.07	1810
38.08	1860
38.09	1805
38.1	1835
38.11	1625
38.12	1790
38.13	1735
38.14	1905
38.15	1810
38.16	1895
38.17	1815
38.18	1870
38.19	1890
38.2	1810
38.21	1905
38.22	1810
38.23	1925
38.24	1845
38.25	1875
38.26	1895
38.27	1970
38.28	1930
38.29	1810
38.3	1790
38.31	1820
38.32	1775
38.33	1890
38.34	1865
38.35	1790
38.36	1905
38.37	1880
38.38	1935
38.39	1815
38.4	1725
38.41	1790
38.42	1885
38.43	1825
38.44	1860
38.45	1870
38.46	1800
38.47	1755
38.48	1735
38.49	1745
38.5	2010
38.51	1805
38.52	1740
38.53	1890
38.54	1895
38.55	1945
38.56	2010
38.57	1710
38.58	1760
38.59	1970
38.6	1890
38.61	1890
38.62	1890
38.63	1895
38.64	1935
38.65	1780
38.66	1770
38.67	1755
38.68	1735
38.69	1750
38.7	1770
38.71	1715
38.72	1790
38.73	1765
38.74	1800
38.75	1735
38.76	1755
38.77	1855
38.78	1750
38.79	1865
38.8	1750
38.81	1780
38.82	1620
38.83	1840
38.84	1830
38.85	1630
38.86	1665
38.87	1565
38.88	1715
38.89	1940
38.9	1810
38.91	1880
38.92	1790
38.93	1825
38.94	1875
38.95	1630
38.96	1780
38.97	1830
38.98	1550
38.99	1690
39	1820
39.01	1755
39.02	1750
39.03	1740
39.04	1760
39.05	1745
39.06	1735
39.07	1725
39.08	1685
39.09	1695
39.1	1710
39.11	1710
39.12	1750
39.13	1655
39.14	1605
39.15	1615
39.16	1640
39.17	1710
39.18	1710
39.19	1810
39.2	1795
39.21	1730
39.22	1685
39.23	1715
39.24	1720
39.25	1760
39.26	1690
39.27	1670
39.28	1715
39.29	1630
39.3	1540
39.31	1705
39.32	1775
39.33	1795
39.34	1690
39.35	1580
39.36	1610
39.37	1530
39.38	1780
39.39	1850
39.4	1635
39.41	1600
39.42	1720
39.43	1775
39.44	1700
39.45	1690
39.46	1560
39.47	1655
39.48	1595
39.49	1730
39.5	1510
39.51	1765
39.52	1725
39.53	1545
39.54	1595
39.55	1650
39.56	1600
39.57	1775
39.58	1630
39.59	1755
39.6	1635
39.61	1475
39.62	1685
39.63	1600
39.64	1590
39.65	1580
39.66	1625
39.67	1525
39.68	1550
39.69	1780
39.7	1655
39.71	1755
39.72	1630
39.73	1630
39.74	1675
39.75	1690
39.76	1735
39.77	1655
39.78	1650
39.79	1675
39.8	1725
39.81	1585
39.82	1615
39.83	1575
39.84	1550
39.85	1640
39.86	1650
39.87	1675
39.88	1555
39.89	1640
39.9	1600
39.91	1690
39.92	1640
39.93	1610
39.94	1635
39.95	1520
39.96	1650
39.97	1730
39.98	1630
39.99	1600
40	1680
40.01	1570
40.02	1595
40.03	1570
40.04	1540
40.05	1650
40.06	1695
40.07	1715
40.08	1670
40.09	1750
40.1	1595
40.11	1515
40.12	1495
40.13	1725
40.14	1505
40.15	1595
40.16	1475
40.17	1435
40.18	1625
40.19	1550
40.2	1635
40.21	1790
40.22	1585
40.23	1475
40.24	1755
40.25	1565
40.26	1625
40.27	1690
40.28	1620
40.29	1600
40.3	1670
40.31	1610
40.32	1585
40.33	1670
40.34	1580
40.35	1730
40.36	1535
40.37	1640
40.38	1470
40.39	1585
40.4	1565
40.41	1505
40.42	1565
40.43	1615
40.44	1520
40.45	1535
40.46	1595
40.47	1295
40.48	1545
40.49	1675
40.5	1540
40.51	1445
40.52	1510
40.53	1490
40.54	1570
40.55	1505
40.56	1515
40.57	1615
40.58	1620
40.59	1675
40.6	1450
40.61	1360
40.62	1500
40.63	1410
40.64	1680
40.65	1460
40.66	1560
40.67	1585
40.68	1365
40.69	1520
40.7	1665
40.71	1565
40.72	1485
40.73	1530
40.74	1600
40.75	1635
40.76	1585
40.77	1515
40.78	1550
40.79	1530
40.8	1520
40.81	1545
40.82	1455
40.83	1455
40.84	1550
40.85	1630
40.86	1470
40.87	1475
40.88	1485
40.89	1440
40.9	1495
40.91	1490
40.92	1585
40.93	1625
40.94	1600
40.95	1510
40.96	1560
40.97	1425
40.98	1600
40.99	1715
41	1525
41.01	1505
41.02	1750
41.03	1585
41.04	1620
41.05	1520
41.06	1625
41.07	1650
41.08	1645
41.09	1715
41.1	1685
41.11	1490
41.12	1670
41.13	1715
41.14	1760
41.15	1680
41.16	1730
41.17	1765
41.18	1880
41.19	1805
41.2	1820
41.21	1875
41.22	1985
41.23	2090
41.24	1945
41.25	1815
41.26	1800
41.27	1905
41.28	1810
41.29	1980
41.3	1995
41.31	1860
41.32	1735
41.33	1695
41.34	1625
41.35	1780
41.36	1780
41.37	1665
41.38	1700
41.39	1640
41.4	1665
41.41	1705
41.42	1670
41.43	1580
41.44	1685
41.45	1480
41.46	1505
41.47	1435
41.48	1540
41.49	1595
41.5	1470
41.51	1530
41.52	1475
41.53	1515
41.54	1455
41.55	1400
41.56	1295
41.57	1420
41.58	1460
41.59	1465
41.6	1430
41.61	1455
41.62	1410
41.63	1315
41.64	1380
41.65	1385
41.66	1390
41.67	1515
41.68	1555
41.69	1410
41.7	1315
41.71	1335
41.72	1445
41.73	1510
41.74	1365
41.75	1385
41.76	1400
41.77	1425
41.78	1455
41.79	1405
41.8	1340
41.81	1415
41.82	1385
41.83	1270
41.84	1435
41.85	1170
41.86	1365
41.87	1430
41.88	1470
41.89	1320
41.9	1450
41.91	1495
41.92	1290
41.93	1490
41.94	1390
41.95	1375
41.96	1305
41.97	1295
41.98	1410
41.99	1340
42	1460
42.01	1445
42.02	1405
42.03	1370
42.04	1500
42.05	1450
42.06	1380
42.07	1315
42.08	1285
42.09	1305
42.1	1340
42.11	1475
42.12	1340
42.13	1355
42.14	1395
42.15	1380
42.16	1450
42.17	1325
42.18	1415
42.19	1470
42.2	1490
42.21	1315
42.22	1250
42.23	1175
42.24	1335
42.25	1545
42.26	1375
42.27	1325
42.28	1410
42.29	1315
42.3	1350
42.31	1310
42.32	1350
42.33	1305
42.34	1385
42.35	1355
42.36	1340
42.37	1425
42.38	1295
42.39	1320
42.4	1310
42.41	1280
42.42	1350
42.43	1250
42.44	1380
42.45	1410
42.46	1465
42.47	1260
42.48	1390
42.49	1205
42.5	1330
42.51	1140
42.52	1325
42.53	1420
42.54	1385
42.55	1310
42.56	1445
42.57	1340
42.58	1330
42.59	1360
42.6	1440
42.61	1210
42.62	1325
42.63	1330
42.64	1405
42.65	1280
42.66	1435
42.67	1295
42.68	1185
42.69	1365
42.7	1390
42.71	1325
42.72	1270
42.73	1400
42.74	1380
42.75	1325
42.76	1355
42.77	1355
42.78	1310
42.79	1270
42.8	1375
42.81	1385
42.82	1385
42.83	1305
42.84	1360
42.85	1295
42.86	1235
42.87	1180
42.88	1155
42.89	1280
42.9	1220
42.91	1370
42.92	1370
42.93	1470
42.94	1515
42.95	1285
42.96	1445
42.97	1270
42.98	1340
42.99	1375
43	1285
43.01	1210
43.02	1220
43.03	1290
43.04	1215
43.05	1155
43.06	1280
43.07	1305
43.08	1375
43.09	1260
43.1	1430
43.11	1340
43.12	1280
43.13	1470
43.14	1330
43.15	1310
43.16	1355
43.17	1340
43.18	1315
43.19	1350
43.2	1295
43.21	1205
43.22	1215
43.23	1225
43.24	1255
43.25	1230
43.26	1270
43.27	1165
43.28	1265
43.29	1360
43.3	1335
43.31	1290
43.32	1290
43.33	1230
43.34	1100
43.35	1240
43.36	1300
43.37	1375
43.38	1145
43.39	1275
43.4	1260
43.41	1295
43.42	1180
43.43	1405
43.44	1215
43.45	1270
43.46	1220
43.47	1350
43.48	1115
43.49	1235
43.5	1330
43.51	1285
43.52	1255
43.53	1235
43.54	1190
43.55	1270
43.56	1275
43.57	1280
43.58	1375
43.59	1195
43.6	1185
43.61	1265
43.62	1240
43.63	1170
43.64	1335
43.65	1315
43.66	1115
43.67	1290
43.68	1260
43.69	1200
43.7	1275
43.71	1205
43.72	1330
43.73	1160
43.74	1190
43.75	1090
43.76	1090
43.77	1225
43.78	1205
43.79	1200
43.8	1330
43.81	1195
43.82	1105
43.83	1135
43.84	1225
43.85	1135
43.86	1150
43.87	1280
43.88	1215
43.89	1255
43.9	1430
43.91	1085
43.92	1185
43.93	1230
43.94	1320
43.95	1315
43.96	1190
43.97	1185
43.98	1310
43.99	1145
44	1285
44.01	1230
44.02	1255
44.03	1340
44.04	1250
44.05	1185
44.06	1225
44.07	1220
44.08	1210
44.09	1320
44.1	1270
44.11	1285
44.12	1280
44.13	1310
44.14	1215
44.15	1300
44.16	1205
44.17	1250
44.18	1280
44.19	1275
44.2	1055
44.21	1135
44.22	1240
44.23	1265
44.24	1265
44.25	1210
44.26	1280
44.27	1215
44.28	1215
44.29	1215
44.3	1210
44.31	1170
44.32	1230
44.33	1310
44.34	1220
44.35	1170
44.36	1270
44.37	1165
44.38	1175
44.39	1220
44.4	1235
44.41	1225
44.42	1240
44.43	1165
44.44	1110
44.45	1170
44.46	1165
44.47	1180
44.48	1090
44.49	1310
44.5	1205
44.51	1140
44.52	1305
44.53	1215
44.54	1280
44.55	1175
44.56	1250
44.57	1140
44.58	1065
44.59	1160
44.6	1190
44.61	1115
44.62	1165
44.63	1135
44.64	1215
44.65	1235
44.66	1225
44.67	1280
44.68	1165
44.69	1065
44.7	1185
44.71	1190
44.72	1095
44.73	1180
44.74	1145
44.75	1125
44.76	1145
44.77	1145
44.78	1350
44.79	1110
44.8	1025
44.81	1130
44.82	1140
44.83	1130
44.84	1180
44.85	1165
44.86	1190
44.87	1120
44.88	1155
44.89	1340
44.9	1295
44.91	1205
44.92	1305
44.93	1260
44.94	1230
44.95	1305
44.96	1300
44.97	1090
44.98	1035
44.99	1280
45	1180
45.01	1170
45.02	1165
45.03	1180
45.04	1175
45.05	1105
45.06	1155
45.07	1065
45.08	1035
45.09	1105
45.1	1105
45.11	1200
45.12	1060
45.13	1100
45.14	1225
45.15	1250
45.16	1275
45.17	1110
45.18	1100
45.19	1155
45.2	1065
45.21	1165
45.22	1055
45.23	1070
45.24	1200
45.25	1175
45.26	1250
45.27	1050
45.28	1110
45.29	1060
45.3	1285
45.31	1235
45.32	1145
45.33	1095
45.34	1135
45.35	1155
45.36	1090
45.37	1145
45.38	1180
45.39	1260
45.4	1275
45.41	1110
45.42	1110
45.43	1105
45.44	1100
45.45	1070
45.46	1150
45.47	1070
45.48	1150
45.49	1270
45.5	1040
45.51	1115
45.52	1135
45.53	1005
45.54	1135
45.55	1130
45.56	950
45.57	1200
45.58	1110
45.59	1180
45.6	1190
45.61	1190
45.62	1075
45.63	1145
45.64	1175
45.65	1070
45.66	1070
45.67	1065
45.68	1085
45.69	1045
45.7	1210
45.71	1050
45.72	1085
45.73	1195
45.74	1190
45.75	1220
45.76	1150
45.77	1140
45.78	1060
45.79	1045
45.8	1145
45.81	1080
45.82	1055
45.83	1125
45.84	1100
45.85	1090
45.86	1010
45.87	1155
45.88	1190
45.89	1190
45.9	1230
45.91	1000
45.92	1110
45.93	1040
45.94	975
45.95	1020
45.96	920
45.97	990
45.98	1015
45.99	1105
46	1140
46.01	1005
46.02	1080
46.03	1145
46.04	1130
46.05	1150
46.06	1080
46.07	1170
46.08	925
46.09	1040
46.1	1210
46.11	1050
46.12	1145
46.13	1075
46.14	1115
46.15	1065
46.16	1165
46.17	1045
46.18	1155
46.19	1115
46.2	1030
46.21	1050
46.22	1040
46.23	1030
46.24	990
46.25	1050
46.26	1135
46.27	1135
46.28	1045
46.29	945
46.3	1125
46.31	1075
46.32	1095
46.33	1015
46.34	1060
46.35	1060
46.36	1005
46.37	1040
46.38	1055
46.39	1015
46.4	1040
46.41	1085
46.42	1040
46.43	1205
46.44	1125
46.45	1075
46.46	1050
46.47	1010
46.48	1130
46.49	1130
46.5	1060
46.51	945
46.52	945
46.53	1085
46.54	1060
46.55	1080
46.56	1065
46.57	960
46.58	1010
46.59	1030
46.6	1130
46.61	1040
46.62	1020
46.63	1020
46.64	1010
46.65	1055
46.66	1075
46.67	1065
46.68	1100
46.69	1085
46.7	1015
46.71	995
46.72	1045
46.73	1100
46.74	1005
46.75	1050
46.76	970
46.77	995
46.78	995
46.79	900
46.8	1010
46.81	1010
46.82	1090
46.83	1170
46.84	1070
46.85	1165
46.86	1110
46.87	910
46.88	1065
46.89	930
46.9	955
46.91	1085
46.92	970
46.93	960
46.94	1050
46.95	1000
46.96	1070
46.97	1080
46.98	1000
46.99	955
47	940
47.01	1075
47.02	1075
47.03	1140
47.04	1250
47.05	1150
47.06	1130
47.07	1005
47.08	960
47.09	1095
47.1	1090
47.11	1145
47.12	1085
47.13	1105
47.14	1055
47.15	925
47.16	995
47.17	990
47.18	1025
47.19	1095
47.2	1005
47.21	1005
47.22	985
47.23	1095
47.24	1045
47.25	935
47.26	1045
47.27	1090
47.28	1150
47.29	1075
47.3	1025
47.31	1010
47.32	1040
47.33	1070
47.34	1095
47.35	1030
47.36	1025
47.37	1090
47.38	1100
47.39	1130
47.4	1065
47.41	880
47.42	1020
47.43	1055
47.44	1135
47.45	1030
47.46	965
47.47	855
47.48	1115
47.49	1020
47.5	1050
47.51	870
47.52	995
47.53	1000
47.54	950
47.55	945
47.56	1005
47.57	1020
47.58	1015
47.59	1025
47.6	860
47.61	915
47.62	995
47.63	1105
47.64	985
47.65	1065
47.66	1020
47.67	955
47.68	1035
47.69	1075
47.7	955
47.71	1010
47.72	980
47.73	1020
47.74	1020
47.75	955
47.76	1005
47.77	880
47.78	895
47.79	960
47.8	970
47.81	1015
47.82	950
47.83	1025
47.84	990
47.85	1075
47.86	1000
47.87	990
47.88	1065
47.89	905
47.9	900
47.91	1070
47.92	1025
47.93	1000
47.94	1010
47.95	1015
47.96	975
47.97	1015
47.98	905
47.99	995
48	1005
48.01	1045
48.02	1060
48.03	1080
48.04	1075
48.05	1025
48.06	925
48.07	985
48.08	975
48.09	1035
48.1	1020
48.11	985
48.12	1075
48.13	990
48.14	1005
48.15	950
48.16	1020
48.17	925
48.18	910
48.19	1030
48.2	980
48.21	980
48.22	975
48.23	985
48.24	860
48.25	1000
48.26	995
48.27	1010
48.28	985
48.29	1050
48.3	995
48.31	930
48.32	965
48.33	960
48.34	995
48.35	975
48.36	945
48.37	1045
48.38	960
48.39	910
48.4	925
48.41	1045
48.42	1035
48.43	1160
48.44	1005
48.45	995
48.46	1045
48.47	1030
48.48	965
48.49	1035
48.5	1015
48.51	975
48.52	1020
48.53	1070
48.54	1015
48.55	970
48.56	1055
48.57	885
48.58	920
48.59	1025
48.6	1035
48.61	1115
48.62	960
48.63	1010
48.64	990
48.65	960
48.66	995
48.67	1095
48.68	865
48.69	955
48.7	825
48.71	1045
48.72	1005
48.73	975
48.74	960
48.75	935
48.76	925
48.77	955
48.78	1010
48.79	900
48.8	1010
48.81	975
48.82	865
48.83	865
48.84	900
48.85	930
48.86	980
48.87	790
48.88	990
48.89	895
48.9	945
48.91	925
48.92	980
48.93	905
48.94	880
48.95	925
48.96	990
48.97	895
48.98	855
48.99	970
49	1005
49.01	865
49.02	915
49.03	955
49.04	890
49.05	965
49.06	975
49.07	990
49.08	905
49.09	870
49.1	1045
49.11	940
49.12	990
49.13	930
49.14	1035
49.15	980
49.16	1085
49.17	950
49.18	940
49.19	880
49.2	900
49.21	1070
49.22	935
49.23	950
49.24	965
49.25	1135
49.26	985
49.27	930
49.28	1080
49.29	995
49.3	950
49.31	1045
49.32	1070
49.33	955
49.34	1005
49.35	1025
49.36	1070
49.37	950
49.38	1015
49.39	960
49.4	965
49.41	925
49.42	1005
49.43	975
49.44	925
49.45	970
49.46	1035
49.47	930
49.48	1050
49.49	970
49.5	940
49.51	1020
49.52	1015
49.53	1050
49.54	985
49.55	930
49.56	1100
49.57	1065
49.58	1055
49.59	1065
49.6	930
49.61	1110
49.62	1095
49.63	1055
49.64	1025
49.65	1190
49.66	1140
49.67	1165
49.68	1145
49.69	1080
49.7	1135
49.71	1130
49.72	1105
49.73	1205
49.74	1230
49.75	1110
49.76	1120
49.77	1150
49.78	1335
49.79	1345
49.8	1225
49.81	1385
49.82	1400
49.83	1485
49.84	1465
49.85	1455
49.86	1555
49.87	1535
49.88	1400
49.89	1520
49.9	1690
49.91	1625
49.92	1655
49.93	1615
49.94	1635
49.95	1760
49.96	1830
49.97	1785
49.98	1750
49.99	1915
50	1860
50.01	1775
50.02	1865
50.03	1895
50.04	1985
50.05	1810
50.06	2025
50.07	2065
50.08	1845
50.09	1855
50.1	1985
50.11	1970
50.12	1950
50.13	1880
50.14	1900
50.15	1970
50.16	1720
50.17	1585
50.18	1705
50.19	1755
50.2	1635
50.21	1565
50.22	1500
50.23	1575
50.24	1455
50.25	1600
50.26	1385
50.27	1305
50.28	1400
50.29	1365
50.3	1350
50.31	1235
50.32	1205
50.33	1230
50.34	1110
50.35	1160
50.36	1145
50.37	1070
50.38	1080
50.39	1105
50.4	1075
50.41	1055
50.42	1125
50.43	965
50.44	1050
50.45	945
50.46	980
50.47	1040
50.48	900
50.49	1075
50.5	1080
50.51	1045
50.52	915
50.53	905
50.54	925
50.55	995
50.56	1000
50.57	1010
50.58	995
50.59	850
50.6	1035
50.61	880
50.62	895
50.63	1080
50.64	945
50.65	985
50.66	945
50.67	860
50.68	855
50.69	870
50.7	850
50.71	820
50.72	880
50.73	960
50.74	875
50.75	815
50.76	880
50.77	895
50.78	995
50.79	975
50.8	935
50.81	950
50.82	855
50.83	745
50.84	875
50.85	875
50.86	865
50.87	940
50.88	885
50.89	970
50.9	980
50.91	900
50.92	945
50.93	935
50.94	950
50.95	850
50.96	870
50.97	840
50.98	835
50.99	930
51	870
51.01	800
51.02	915
51.03	975
51.04	860
51.05	935
51.06	855
51.07	845
51.08	915
51.09	775
51.1	925
51.11	970
51.12	895
51.13	885
51.14	870
51.15	890
51.16	870
51.17	890
51.18	900
51.19	955
51.2	845
51.21	975
51.22	850
51.23	895
51.24	920
51.25	875
51.26	755
51.27	845
51.28	910
51.29	920
51.3	865
51.31	820
51.32	715
51.33	865
51.34	845
51.35	885
51.36	885
51.37	755
51.38	835
51.39	840
51.4	850
51.41	870
51.42	950
51.43	895
51.44	835
51.45	820
51.46	760
51.47	895
51.48	875
51.49	810
51.5	850
51.51	890
51.52	800
51.53	860
51.54	835
51.55	855
51.56	890
51.57	870
51.58	815
51.59	915
51.6	880
51.61	810
51.62	875
51.63	935
51.64	860
51.65	755
51.66	960
51.67	795
51.68	820
51.69	910
51.7	890
51.71	810
51.72	805
51.73	910
51.74	855
51.75	960
51.76	840
51.77	865
51.78	905
51.79	865
51.8	940
51.81	850
51.82	865
51.83	945
51.84	960
51.85	845
51.86	865
51.87	910
51.88	745
51.89	875
51.9	815
51.91	785
51.92	755
51.93	820
51.94	885
51.95	730
51.96	885
51.97	945
51.98	820
51.99	900
52	845
52.01	855
52.02	855
52.03	845
52.04	935
52.05	895
52.06	865
52.07	835
52.08	790
52.09	865
52.1	910
52.11	810
52.12	795
52.13	805
52.14	765
52.15	805
52.16	775
52.17	815
52.18	835
52.19	790
52.2	815
52.21	875
52.22	860
52.23	875
52.24	840
52.25	790
52.26	865
52.27	850
52.28	815
52.29	805
52.3	785
52.31	820
52.32	780
52.33	825
52.34	755
52.35	820
52.36	960
52.37	895
52.38	840
52.39	940
52.4	850
52.41	850
52.42	870
52.43	860
52.44	770
52.45	785
52.46	780
52.47	765
52.48	760
52.49	820
52.5	845
52.51	750
52.52	850
52.53	875
52.54	840
52.55	835
52.56	860
52.57	880
52.58	825
52.59	895
52.6	960
52.61	880
52.62	820
52.63	720
52.64	855
52.65	755
52.66	845
52.67	865
52.68	860
52.69	680
52.7	800
52.71	800
52.72	805
52.73	850
52.74	825
52.75	780
52.76	815
52.77	835
52.78	875
52.79	970
52.8	755
52.81	845
52.82	840
52.83	840
52.84	925
52.85	840
52.86	760
52.87	825
52.88	890
52.89	915
52.9	790
52.91	745
52.92	795
52.93	705
52.94	800
52.95	885
52.96	855
52.97	820
52.98	920
52.99	890
53	885
53.01	820
53.02	725
53.03	815
53.04	700
53.05	810
53.06	770
53.07	835
53.08	775
53.09	755
53.1	770
53.11	920
53.12	735
53.13	815
53.14	755
53.15	765
53.16	795
53.17	735
53.18	880
53.19	825
53.2	840
53.21	845
53.22	880
53.23	715
53.24	1015
53.25	770
53.26	810
53.27	755
53.28	865
53.29	875
53.3	865
53.31	875
53.32	765
53.33	815
53.34	740
53.35	795
53.36	790
53.37	780
53.38	800
53.39	955
53.4	885
53.41	770
53.42	835
53.43	860
53.44	875
53.45	890
53.46	815
53.47	740
53.48	875
53.49	840
53.5	995
53.51	875
53.52	885
53.53	980
53.54	850
53.55	860
53.56	930
53.57	990
53.58	955
53.59	915
53.6	1070
53.61	1040
53.62	1005
53.63	1025
53.64	1040
53.65	1300
53.66	1015
53.67	1185
53.68	1270
53.69	1335
53.7	1235
53.71	1415
53.72	1390
53.73	1270
53.74	1305
53.75	1260
53.76	1400
53.77	1315
53.78	1275
53.79	1335
53.8	1330
53.81	1350
53.82	1280
53.83	1205
53.84	1135
53.85	1165
53.86	1300
53.87	1270
53.88	1210
53.89	1125
53.9	1175
53.91	1190
53.92	1165
53.93	1070
53.94	1080
53.95	1070
53.96	1020
53.97	1100
53.98	1000
53.99	1070
54	1070
54.01	880
54.02	1045
54.03	875
54.04	835
54.05	930
54.06	855
54.07	885
54.08	915
54.09	795
54.1	905
54.11	865
54.12	920
54.13	815
54.14	970
54.15	950
54.16	815
54.17	840
54.18	865
54.19	785
54.2	750
54.21	760
54.22	700
54.23	840
54.24	785
54.25	800
54.26	905
54.27	980
54.28	865
54.29	795
54.3	825
54.31	840
54.32	815
54.33	815
54.34	730
54.35	815
54.36	770
54.37	795
54.38	845
54.39	835
54.4	925
54.41	875
54.42	870
54.43	850
54.44	780
54.45	850
54.46	790
54.47	710
54.48	875
54.49	805
54.5	860
54.51	780
54.52	870
54.53	780
54.54	695
54.55	890
54.56	855
54.57	780
54.58	795
54.59	790
54.6	845
54.61	870
54.62	745
54.63	810
54.64	790
54.65	835
54.66	870
54.67	860
54.68	785
54.69	770
54.7	795
54.71	700
54.72	890
54.73	885
54.74	805
54.75	855
54.76	765
54.77	820
54.78	860
54.79	745
54.8	735
54.81	730
54.82	730
54.83	805
54.84	850
54.85	865
54.86	865
54.87	755
54.88	860
54.89	840
54.9	775
54.91	795
54.92	775
54.93	855
54.94	720
54.95	935
54.96	990
54.97	910
54.98	775
54.99	775
55	780
55.01	810
55.02	755
55.03	685
55.04	705
55.05	765
55.06	760
55.07	780
55.08	775
55.09	925
55.1	800
55.11	770
55.12	765
55.13	970
55.14	865
55.15	755
55.16	800
55.17	755
55.18	780
55.19	810
55.2	695
55.21	740
55.22	800
55.23	840
55.24	870
55.25	765
55.26	820
55.27	790
55.28	765
55.29	815
55.3	795
55.31	795
55.32	825
55.33	740
55.34	795
55.35	785
55.36	825
55.37	815
55.38	785
55.39	820
55.4	780
55.41	770
55.42	755
55.43	945
55.44	885
55.45	735
55.46	760
55.47	775
55.48	825
55.49	720
55.5	795
55.51	800
55.52	870
55.53	810
55.54	780
55.55	705
55.56	810
55.57	780
55.58	800
55.59	780
55.6	790
55.61	835
55.62	805
55.63	785
55.64	790
55.65	740
55.66	855
55.67	850
55.68	775
55.69	650
55.7	705
55.71	765
55.72	790
55.73	770
55.74	730
55.75	795
55.76	740
55.77	840
55.78	700
55.79	745
55.8	890
55.81	785
55.82	705
55.83	810
55.84	790
55.85	715
55.86	805
55.87	785
55.88	810
55.89	810
55.9	785
55.91	705
55.92	755
55.93	750
55.94	645
55.95	785
55.96	750
55.97	670
55.98	710
55.99	780
56	750
56.01	795
56.02	800
56.03	795
56.04	780
56.05	770
56.06	785
56.07	765
56.08	800
56.09	790
56.1	805
56.11	710
56.12	800
56.13	800
56.14	820
56.15	705
56.16	765
56.17	760
56.18	920
56.19	720
56.2	730
56.21	900
56.22	720
56.23	800
56.24	820
56.25	780
56.26	840
56.27	760
56.28	795
56.29	825
56.3	825
56.31	750
56.32	795
56.33	820
56.34	765
56.35	790
56.36	910
56.37	765
56.38	745
56.39	785
56.4	760
56.41	770
56.42	780
56.43	735
56.44	785
56.45	795
56.46	820
56.47	760
56.48	760
56.49	765
56.5	775
56.51	805
56.52	800
56.53	965
56.54	840
56.55	720
56.56	765
56.57	715
56.58	835
56.59	705
56.6	760
56.61	875
56.62	725
56.63	745
56.64	670
56.65	740
56.66	835
56.67	770
56.68	750
56.69	710
56.7	780
56.71	865
56.72	920
56.73	740
56.74	865
56.75	845
56.76	865
56.77	740
56.78	800
56.79	735
56.8	725
56.81	660
56.82	730
56.83	795
56.84	790
56.85	820
56.86	805
56.87	730
56.88	805
56.89	765
56.9	715
56.91	750
56.92	700
56.93	760
56.94	775
56.95	825
56.96	730
56.97	715
56.98	815
56.99	760
57	760
57.01	790
57.02	770
57.03	760
57.04	820
57.05	675
57.06	760
57.07	755
57.08	790
57.09	720
57.1	835
57.11	780
57.12	805
57.13	700
57.14	795
57.15	750
57.16	880
57.17	700
57.18	820
57.19	810
57.2	745
57.21	785
57.22	815
57.23	815
57.24	845
57.25	875
57.26	785
57.27	825
57.28	720
57.29	820
57.3	795
57.31	820
57.32	760
57.33	760
57.34	735
57.35	775
57.36	760
57.37	700
57.38	850
57.39	835
57.4	855
57.41	760
57.42	800
57.43	905
57.44	845
57.45	795
57.46	800
57.47	795
57.48	750
57.49	800
57.5	790
57.51	795
57.52	775
57.53	765
57.54	835
57.55	885
57.56	745
57.57	745
57.58	795
57.59	730
57.6	835
57.61	810
57.62	885
57.63	745
57.64	745
57.65	865
57.66	770
57.67	805
57.68	845
57.69	815
57.7	780
57.71	865
57.72	955
57.73	910
57.74	775
57.75	775
57.76	835
57.77	730
57.78	850
57.79	690
57.8	870
57.81	755
57.82	755
57.83	825
57.84	795
57.85	760
57.86	785
57.87	765
57.88	725
57.89	840
57.9	765
57.91	895
57.92	805
57.93	760
57.94	810
57.95	855
57.96	850
57.97	870
57.98	855
57.99	935
58	890
58.01	775
58.02	900
58.03	815
58.04	820
58.05	760
58.06	810
58.07	775
58.08	805
58.09	755
58.1	755
58.11	875
58.12	840
58.13	800
58.14	900
58.15	770
58.16	780
58.17	730
58.18	820
58.19	790
58.2	740
58.21	865
58.22	840
58.23	805
58.24	755
58.25	730
58.26	755
58.27	755
58.28	820
58.29	780
58.3	735
58.31	845
58.32	865
58.33	840
58.34	985
58.35	955
58.36	845
58.37	850
58.38	810
58.39	845
58.4	805
58.41	890
58.42	925
58.43	895
58.44	905
58.45	945
58.46	940
58.47	835
58.48	920
58.49	890
58.5	890
58.51	865
58.52	745
58.53	940
58.54	915
58.55	945
58.56	860
58.57	885
58.58	970
58.59	1005
58.6	965
58.61	925
58.62	870
58.63	845
58.64	930
58.65	880
58.66	915
58.67	875
58.68	800
58.69	825
58.7	890
58.71	900
58.72	855
58.73	890
58.74	820
58.75	910
58.76	970
58.77	890
58.78	905
58.79	950
58.8	810
58.81	875
58.82	870
58.83	925
58.84	880
58.85	800
58.86	860
58.87	960
58.88	900
58.89	940
58.9	920
58.91	975
58.92	915
58.93	975
58.94	950
58.95	1025
58.96	1030
58.97	1060
58.98	915
58.99	1030
59	1100
59.01	1025
59.02	1140
59.03	1065
59.04	905
59.05	1100
59.06	1115
59.07	1085
59.08	985
59.09	1115
59.1	920
59.11	1015
59.12	1005
59.13	1125
59.14	1015
59.15	1050
59.16	1015
59.17	1050
59.18	995
59.19	1120
59.2	975
59.21	1050
59.22	1005
59.23	1015
59.24	940
59.25	1080
59.26	970
59.27	960
59.28	1070
59.29	1005
59.3	970
59.31	1050
59.32	895
59.33	890
59.34	870
59.35	845
59.36	920
59.37	1010
59.38	970
59.39	935
59.4	930
59.41	920
59.42	770
59.43	875
59.44	1025
59.45	865
59.46	880
59.47	775
59.48	765
59.49	870
59.5	890
59.51	705
59.52	705
59.53	895
59.54	795
59.55	880
59.56	775
59.57	910
59.58	855
59.59	945
59.6	900
59.61	865
59.62	790
59.63	925
59.64	860
59.65	840
59.66	845
59.67	795
59.68	845
59.69	885
59.7	885
59.71	850
59.72	765
59.73	805
59.74	835
59.75	805
59.76	860
59.77	855
59.78	855
59.79	835
59.8	855
59.81	815
59.82	815
59.83	710
59.84	755
59.85	880
59.86	840
59.87	925
59.88	785
59.89	935
59.9	895
59.91	835
59.92	825
59.93	760
59.94	785
59.95	705
59.96	915
59.97	800
59.98	930
59.99	785
60	860
60.01	845
60.02	860
60.03	955
60.04	925
60.05	690
60.06	820
60.07	845
60.08	840
60.09	790
60.1	780
60.11	850
60.12	890
60.13	855
60.14	905
60.15	840
60.16	870
60.17	885
60.18	890
60.19	775
60.2	735
60.21	800
60.22	905
60.23	820
60.24	935
60.25	905
60.26	915
60.27	940
60.28	825
60.29	900
60.3	925
60.31	885
60.32	965
60.33	1020
60.34	905
60.35	870
60.36	900
60.37	860
60.38	920
60.39	915
60.4	775
60.41	1015
60.42	875
60.43	1015
60.44	870
60.45	840
60.46	1010
60.47	900
60.48	960
60.49	880
60.5	985
60.51	925
60.52	925
60.53	900
60.54	950
60.55	900
60.56	925
60.57	1045
60.58	940
60.59	875
60.6	885
60.61	955
60.62	915
60.63	900
60.64	980
60.65	910
60.66	1030
60.67	935
60.68	965
60.69	1055
60.7	930
60.71	940
60.72	960
60.73	990
60.74	940
60.75	905
60.76	965
60.77	790
60.78	885
60.79	840
60.8	890
60.81	1000
60.82	890
60.83	910
60.84	885
60.85	980
60.86	840
60.87	845
60.88	965
60.89	980
60.9	885
60.91	805
60.92	850
60.93	965
60.94	975
60.95	870
60.96	840
60.97	845
60.98	915
60.99	870
61	900
61.01	1025
61.02	850
61.03	835
61.04	990
61.05	940
61.06	950
61.07	890
61.08	930
61.09	1015
61.1	990
61.11	865
61.12	900
61.13	880
61.14	965
61.15	980
61.16	935
61.17	900
61.18	1005
61.19	890
61.2	910
61.21	955
61.22	935
61.23	850
61.24	1010
61.25	945
61.26	920
61.27	900
61.28	900
61.29	1005
61.3	865
61.31	925
61.32	945
61.33	945
61.34	780
61.35	815
61.36	920
61.37	900
61.38	985
61.39	825
61.4	860
61.41	855
61.42	925
61.43	915
61.44	885
61.45	825
61.46	935
61.47	1015
61.48	965
61.49	915
61.5	955
61.51	985
61.52	795
61.53	975
61.54	885
61.55	925
61.56	910
61.57	740
61.58	920
61.59	940
61.6	1010
61.61	1000
61.62	790
61.63	915
61.64	965
61.65	875
61.66	850
61.67	905
61.68	915
61.69	930
61.7	920
61.71	940
61.72	880
61.73	905
61.74	880
61.75	865
61.76	925
61.77	935
61.78	1000
61.79	1020
61.8	875
61.81	865
61.82	775
61.83	900
61.84	940
61.85	935
61.86	815
61.87	845
61.88	905
61.89	925
61.9	955
61.91	1000
61.92	960
61.93	1075
61.94	1015
61.95	890
61.96	955
61.97	920
61.98	870
61.99	925
62	980
62.01	990
62.02	910
62.03	1030
62.04	1080
62.05	890
62.06	900
62.07	950
62.08	970
62.09	970
62.1	870
62.11	895
62.12	920
62.13	865
62.14	1010
62.15	950
62.16	960
62.17	995
62.18	965
62.19	1060
62.2	915
62.21	945
62.22	925
62.23	890
62.24	1075
62.25	925
62.26	965
62.27	1025
62.28	1050
62.29	890
62.3	960
62.31	1035
62.32	960
62.33	880
62.34	840
62.35	980
62.36	785
62.37	960
62.38	950
62.39	985
62.4	880
62.41	855
62.42	945
62.43	1065
62.44	1000
62.45	845
62.46	975
62.47	945
62.48	940
62.49	945
62.5	985
62.51	915
62.52	980
62.53	865
62.54	1045
62.55	1065
62.56	1035
62.57	885
62.58	975
62.59	885
62.6	900
62.61	905
62.62	900
62.63	990
62.64	925
62.65	870
62.66	870
62.67	995
62.68	975
62.69	960
62.7	1065
62.71	970
62.72	970
62.73	935
62.74	975
62.75	1005
62.76	995
62.77	1095
62.78	905
62.79	910
62.8	855
62.81	915
62.82	900
62.83	870
62.84	880
62.85	1080
62.86	1080
62.87	960
62.88	970
62.89	1100
62.9	975
62.91	925
62.92	955
62.93	1010
62.94	905
62.95	1145
62.96	1090
62.97	945
62.98	960
62.99	950
63	970
63.01	915
63.02	820
63.03	1000
63.04	1025
63.05	970
63.06	965
63.07	980
63.08	1040
63.09	970
63.1	1020
63.11	1080
63.12	1045
63.13	940
63.14	1070
63.15	905
63.16	940
63.17	925
63.18	1025
63.19	1085
63.2	995
63.21	1050
63.22	980
63.23	1055
63.24	930
63.25	930
63.26	950
63.27	995
63.28	970
63.29	1030
63.3	1055
63.31	1200
63.32	1050
63.33	1045
63.34	930
63.35	985
63.36	965
63.37	950
63.38	950
63.39	1050
63.4	925
63.41	980
63.42	1070
63.43	990
63.44	1055
63.45	915
63.46	1035
63.47	910
63.48	1060
63.49	1085
63.5	1070
63.51	1090
63.52	1000
63.53	1035
63.54	985
63.55	1050
63.56	1000
63.57	870
63.58	1020
63.59	1040
63.6	1045
63.61	950
63.62	1050
63.63	1015
63.64	1060
63.65	1015
63.66	1000
63.67	1015
63.68	980
63.69	1115
63.7	1055
63.71	905
63.72	1120
63.73	1105
63.74	1020
63.75	1070
63.76	1065
63.77	1055
63.78	1070
63.79	1030
63.8	1100
63.81	1110
63.82	1060
63.83	970
63.84	1045
63.85	1095
63.86	1145
63.87	980
63.88	965
63.89	1090
63.9	1005
63.91	1065
63.92	950
63.93	1035
63.94	955
63.95	1105
63.96	1085
63.97	1050
63.98	1095
63.99	1090
64	955
64.01	970
64.02	1045
64.03	960
64.04	1110
64.05	965
64.06	1040
64.07	1210
64.08	870
64.09	905
64.1	965
64.11	915
64.12	1000
64.13	965
64.14	955
64.15	1065
64.16	980
64.17	885
64.18	955
64.19	1065
64.2	965
64.21	905
64.22	965
64.23	1060
64.24	1035
64.25	1130
64.26	1030
64.27	930
64.28	1005
64.29	1045
64.3	1020
64.31	895
64.32	1100
64.33	1040
64.34	925
64.35	990
64.36	1110
64.37	1050
64.38	1040
64.39	990
64.4	1090
64.41	1080
64.42	880
64.43	1055
64.44	975
64.45	955
64.46	1160
64.47	1025
64.48	905
64.49	1050
64.5	915
64.51	1090
64.52	1075
64.53	995
64.54	1110
64.55	1010
64.56	1000
64.57	960
64.58	885
64.59	1000
64.6	980
64.61	1065
64.62	1145
64.63	1075
64.64	1045
64.65	955
64.66	1025
64.67	1035
64.68	940
64.69	990
64.7	1150
64.71	1130
64.72	1110
64.73	1035
64.74	950
64.75	1055
64.76	1080
64.77	1050
64.78	1015
64.79	985
64.8	1075
64.81	1085
64.82	965
64.83	1040
64.84	1050
64.85	1025
64.86	1130
64.87	1085
64.88	1045
64.89	1035
64.9	945
64.91	1000
64.92	915
64.93	945
64.94	1065
64.95	965
64.96	1085
64.97	1030
64.98	1040
64.99	1000
65	1070
65.01	955
65.02	1070
65.03	1035
65.04	990
65.05	920
65.06	1090
65.07	910
65.08	1060
65.09	1060
65.1	1215
65.11	1030
65.12	910
65.13	1095
65.14	1045
65.15	1005
65.16	1025
65.17	990
65.18	1045
65.19	1015
65.2	965
65.21	1015
65.22	1040
65.23	1165
65.24	1080
65.25	990
65.26	1040
65.27	930
65.28	1020
65.29	975
65.3	1125
65.31	940
65.32	940
65.33	1180
65.34	980
65.35	990
65.36	1050
65.37	1145
65.38	1010
65.39	1030
65.4	1070
65.41	985
65.42	1120
65.43	905
65.44	930
65.45	1055
65.46	1080
65.47	1030
65.48	960
65.49	1165
65.5	1140
65.51	990
65.52	1045
65.53	980
65.54	990
65.55	960
65.56	1135
65.57	1005
65.58	935
65.59	1000
65.6	1020
65.61	1015
65.62	1005
65.63	1030
65.64	1030
65.65	1005
65.66	1045
65.67	1080
65.68	925
65.69	920
65.7	840
65.71	860
65.72	1040
65.73	995
65.74	900
65.75	995
65.76	930
65.77	1045
65.78	1025
65.79	1080
65.8	1020
65.81	990
65.82	980
65.83	920
65.84	985
65.85	930
65.86	870
65.87	1015
65.88	1055
65.89	1120
65.9	940
65.91	930
65.92	950
65.93	940
65.94	1080
65.95	975
65.96	995
65.97	965
65.98	1045
65.99	985
66	1035
66.01	950
66.02	955
66.03	1010
66.04	1080
66.05	1020
66.06	1015
66.07	1030
66.08	1030
66.09	980
66.1	1055
66.11	990
66.12	1005
66.13	1035
66.14	870
66.15	995
66.16	920
66.17	1005
66.18	965
66.19	945
66.2	880
66.21	860
66.22	920
66.23	995
66.24	1060
66.25	925
66.26	950
66.27	945
66.28	965
66.29	965
66.3	920
66.31	1115
66.32	965
66.33	970
66.34	1055
66.35	935
66.36	930
66.37	1000
66.38	975
66.39	1010
66.4	1005
66.41	985
66.42	895
66.43	905
66.44	970
66.45	980
66.46	965
66.47	925
66.48	1085
66.49	890
66.5	940
66.51	900
66.52	1030
66.53	895
66.54	850
66.55	890
66.56	915
66.57	1010
66.58	1085
66.59	1090
66.6	1030
66.61	1045
66.62	1005
66.63	920
66.64	1060
66.65	1010
66.66	885
66.67	905
66.68	980
66.69	950
66.7	995
66.71	1050
66.72	910
66.73	1140
66.74	1070
66.75	825
66.76	835
66.77	925
66.78	960
66.79	1005
66.8	920
66.81	995
66.82	905
66.83	845
66.84	1025
66.85	860
66.86	895
66.87	1040
66.88	1100
66.89	955
66.9	895
66.91	975
66.92	855
66.93	870
66.94	925
66.95	875
66.96	970
66.97	960
66.98	920
66.99	935
67	975
67.01	930
67.02	1010
67.03	970
67.04	860
67.05	1020
67.06	940
67.07	995
67.08	920
67.09	860
67.1	895
67.11	920
67.12	875
67.13	920
67.14	1020
67.15	890
67.16	985
67.17	940
67.18	750
67.19	925
67.2	1035
67.21	1025
67.22	940
67.23	885
67.24	785
67.25	870
67.26	905
67.27	865
67.28	940
67.29	965
67.3	975
67.31	1000
67.32	1015
67.33	910
67.34	910
67.35	895
67.36	925
67.37	950
67.38	870
67.39	860
67.4	880
67.41	880
67.42	975
67.43	950
67.44	955
67.45	910
67.46	900
67.47	945
67.48	845
67.49	895
67.5	875
67.51	850
67.52	1020
67.53	920
67.54	920
67.55	930
67.56	1000
67.57	935
67.58	885
67.59	935
67.6	980
67.61	850
67.62	865
67.63	920
67.64	990
67.65	885
67.66	940
67.67	925
67.68	890
67.69	820
67.7	850
67.71	875
67.72	910
67.73	945
67.74	950
67.75	930
67.76	850
67.77	810
67.78	925
67.79	870
67.8	905
67.81	955
67.82	870
67.83	835
67.84	805
67.85	865
67.86	955
67.87	1005
67.88	905
67.89	800
67.9	925
67.91	855
67.92	905
67.93	845
67.94	995
67.95	840
67.96	915
67.97	910
67.98	870
67.99	875
68	890
68.01	960
68.02	860
68.03	955
68.04	915
68.05	885
68.06	755
68.07	1025
68.08	815
68.09	890
68.1	870
68.11	925
68.12	870
68.13	895
68.14	855
68.15	1000
68.16	865
68.17	870
68.18	850
68.19	800
68.2	820
68.21	965
68.22	850
68.23	955
68.24	865
68.25	865
68.26	835
68.27	915
68.28	920
68.29	915
68.3	840
68.31	885
68.32	890
68.33	915
68.34	805
68.35	835
68.36	835
68.37	840
68.38	900
68.39	815
68.4	785
68.41	845
68.42	845
68.43	930
68.44	875
68.45	850
68.46	810
68.47	825
68.48	925
68.49	925
68.5	750
68.51	805
68.52	760
68.53	870
68.54	835
68.55	870
68.56	780
68.57	870
68.58	770
68.59	905
68.6	815
68.61	895
68.62	890
68.63	860
68.64	810
68.65	870
68.66	905
68.67	955
68.68	815
68.69	850
68.7	840
68.71	875
68.72	860
68.73	760
68.74	870
68.75	800
68.76	865
68.77	865
68.78	870
68.79	880
68.8	825
68.81	800
68.82	760
68.83	745
68.84	815
68.85	855
68.86	775
68.87	865
68.88	870
68.89	885
68.9	725
68.91	930
68.92	930
68.93	855
68.94	840
68.95	815
68.96	885
68.97	915
68.98	755
68.99	840
69	765
69.01	765
69.02	790
69.03	845
69.04	940
69.05	905
69.06	940
69.07	760
69.08	860
69.09	790
69.1	925
69.11	810
69.12	945
69.13	775
69.14	720
69.15	800
69.16	800
69.17	810
69.18	675
69.19	760
69.2	810
69.21	895
69.22	870
69.23	745
69.24	765
69.25	800
69.26	850
69.27	790
69.28	935
69.29	865
69.3	820
69.31	775
69.32	755
69.33	815
69.34	805
69.35	820
69.36	785
69.37	815
69.38	825
69.39	860
69.4	795
69.41	705
69.42	855
69.43	745
69.44	720
69.45	870
69.46	820
69.47	795
69.48	795
69.49	855
69.5	805
69.51	855
69.52	720
69.53	795
69.54	865
69.55	885
69.56	845
69.57	890
69.58	795
69.59	795
69.6	940
69.61	835
69.62	780
69.63	780
69.64	885
69.65	805
69.66	750
69.67	745
69.68	780
69.69	855
69.7	760
69.71	795
69.72	840
69.73	915
69.74	865
69.75	845
69.76	785
69.77	765
69.78	810
69.79	800
69.8	810
69.81	865
69.82	820
69.83	780
69.84	750
69.85	860
69.86	765
69.87	855
69.88	825
69.89	720
69.9	805
69.91	790
69.92	905
69.93	820
69.94	740
69.95	795
69.96	820
69.97	900
69.98	795
69.99	825
70	890
70.01	785
70.02	840
70.03	785
70.04	760
70.05	805
70.06	720
70.07	740
70.08	775
70.09	805
70.1	790
70.11	810
70.12	815
70.13	900
70.14	770
70.15	825
70.16	745
70.17	755
70.18	815
70.19	855
70.2	775
70.21	815
70.22	795
70.23	835
70.24	795
70.25	815
70.26	870
70.27	870
70.28	780
70.29	815
70.3	785
70.31	835
70.32	795
70.33	805
70.34	715
70.35	880
70.36	935
70.37	860
70.38	805
70.39	815
70.4	795
70.41	885
70.42	860
70.43	810
70.44	765
70.45	770
70.46	665
70.47	785
70.48	825
70.49	900
70.5	805
70.51	770
70.52	715
70.53	745
70.54	750
70.55	785
70.56	770
70.57	785
70.58	845
70.59	795
70.6	815
70.61	715
70.62	780
70.63	810
70.64	860
70.65	805
70.66	755
70.67	775
70.68	800
70.69	805
70.7	755
70.71	755
70.72	810
70.73	800
70.74	800
70.75	865
70.76	790
70.77	785
70.78	775
70.79	825
70.8	835
70.81	780
70.82	820
70.83	865
70.84	865
70.85	730
70.86	810
70.87	890
70.88	735
70.89	730
70.9	810
70.91	850
70.92	765
70.93	805
70.94	750
70.95	775
70.96	890
70.97	750
70.98	875
70.99	795
71	815
71.01	845
71.02	775
71.03	815
71.04	805
71.05	765
71.06	850
71.07	770
71.08	825
71.09	745
71.1	795
71.11	765
71.12	780
71.13	790
71.14	710
71.15	790
71.16	815
71.17	700
71.18	805
71.19	740
71.2	780
71.21	850
71.22	810
71.23	805
71.24	755
71.25	815
71.26	765
71.27	795
71.28	740
71.29	795
71.3	715
71.31	775
71.32	745
71.33	720
71.34	820
71.35	825
71.36	875
71.37	770
71.38	715
71.39	750
71.4	825
71.41	780
71.42	750
71.43	700
71.44	760
71.45	695
71.46	740
71.47	745
71.48	780
71.49	820
71.5	865
71.51	890
71.52	780
71.53	815
71.54	790
71.55	805
71.56	800
71.57	795
71.58	850
71.59	820
71.6	610
71.61	770
71.62	705
71.63	850
71.64	795
71.65	725
71.66	755
71.67	735
71.68	820
71.69	775
71.7	775
71.71	700
71.72	715
71.73	775
71.74	770
71.75	650
71.76	700
71.77	845
71.78	675
71.79	820
71.8	800
71.81	845
71.82	805
71.83	655
71.84	825
71.85	705
71.86	755
71.87	755
71.88	850
71.89	715
71.9	815
71.91	795
71.92	780
71.93	775
71.94	850
71.95	745
71.96	785
71.97	765
71.98	870
71.99	805
72	895
72.01	705
72.02	805
72.03	790
72.04	750
72.05	775
72.06	705
72.07	690
72.08	695
72.09	785
72.1	870
72.11	775
72.12	795
72.13	800
72.14	855
72.15	790
72.16	840
72.17	755
72.18	690
72.19	890
72.2	775
72.21	810
72.22	760
72.23	770
72.24	750
72.25	725
72.26	750
72.27	850
72.28	760
72.29	775
72.3	790
72.31	705
72.32	750
72.33	730
72.34	695
72.35	790
72.36	725
72.37	670
72.38	730
72.39	750
72.4	730
72.41	745
72.42	765
72.43	780
72.44	940
72.45	865
72.46	900
72.47	920
72.48	835
72.49	805
72.5	880
72.51	745
72.52	885
72.53	825
72.54	770
72.55	790
72.56	775
72.57	885
72.58	890
72.59	785
72.6	780
72.61	795
72.62	805
72.63	800
72.64	860
72.65	675
72.66	840
72.67	805
72.68	725
72.69	700
72.7	705
72.71	740
72.72	820
72.73	685
72.74	765
72.75	700
72.76	685
72.77	720
72.78	790
72.79	800
72.8	730
72.81	790
72.82	890
72.83	755
72.84	750
72.85	735
72.86	810
72.87	805
72.88	875
72.89	765
72.9	720
72.91	775
72.92	790
72.93	665
72.94	840
72.95	740
72.96	990
72.97	855
72.98	805
72.99	865
73	780
73.01	735
73.02	700
73.03	710
73.04	845
73.05	805
73.06	670
73.07	825
73.08	705
73.09	705
73.1	865
73.11	820
73.12	710
73.13	825
73.14	795
73.15	850
73.16	850
73.17	760
73.18	840
73.19	740
73.2	785
73.21	700
73.22	710
73.23	775
73.24	780
73.25	790
73.26	740
73.27	740
73.28	685
73.29	745
73.3	875
73.31	850
73.32	745
73.33	870
73.34	765
73.35	825
73.36	750
73.37	655
73.38	720
73.39	845
73.4	840
73.41	835
73.42	895
73.43	745
73.44	730
73.45	790
73.46	865
73.47	785
73.48	710
73.49	855
73.5	695
73.51	840
73.52	695
73.53	690
73.54	785
73.55	840
73.56	770
73.57	780
73.58	805
73.59	875
73.6	725
73.61	745
73.62	745
73.63	805
73.64	690
73.65	735
73.66	775
73.67	835
73.68	770
73.69	685
73.7	705
73.71	775
73.72	880
73.73	955
73.74	700
73.75	810
73.76	870
73.77	670
73.78	800
73.79	815
73.8	860
73.81	750
73.82	795
73.83	780
73.84	775
73.85	730
73.86	905
73.87	835
73.88	855
73.89	820
73.9	825
73.91	780
73.92	845
73.93	810
73.94	710
73.95	730
73.96	945
73.97	925
73.98	760
73.99	725
74	775
74.01	695
74.02	735
74.03	815
74.04	750
74.05	870
74.06	775
74.07	800
74.08	785
74.09	825
74.1	820
74.11	745
74.12	805
74.13	920
74.14	730
74.15	895
74.16	805
74.17	770
74.18	780
74.19	780
74.2	795
74.21	825
74.22	820
74.23	780
74.24	850
74.25	825
74.26	745
74.27	725
74.28	690
74.29	725
74.3	795
74.31	760
74.32	910
74.33	785
74.34	815
74.35	815
74.36	735
74.37	705
74.38	735
74.39	805
74.4	765
74.41	725
74.42	845
74.43	825
74.44	800
74.45	775
74.46	760
74.47	700
74.48	810
74.49	845
74.5	840
74.51	865
74.52	795
74.53	835
74.54	850
74.55	810
74.56	720
74.57	875
74.58	845
74.59	770
74.6	870
74.61	840
74.62	825
74.63	930
74.64	835
74.65	825
74.66	675
74.67	735
74.68	850
74.69	835
74.7	800
74.71	755
74.72	825
74.73	800
74.74	815
74.75	780
74.76	850
74.77	825
74.78	810
74.79	855
74.8	795
74.81	860
74.82	795
74.83	785
74.84	850
74.85	800
74.86	820
74.87	665
74.88	740
74.89	885
74.9	765
74.91	780
74.92	810
74.93	835
74.94	825
74.95	885
74.96	755
74.97	850
74.98	720
74.99	760
75	885
75.01	780
75.02	950
75.03	845
75.04	870
75.05	700
75.06	775
75.07	820
75.08	815
75.09	780
75.1	835
75.11	770
75.12	805
75.13	815
75.14	745
75.15	745
75.16	770
75.17	865
75.18	780
75.19	850
75.2	735
75.21	800
75.22	835
75.23	795
75.24	900
75.25	805
75.26	810
75.27	690
75.28	800
75.29	835
75.3	900
75.31	815
75.32	910
75.33	860
75.34	720
75.35	890
75.36	825
75.37	880
75.38	730
75.39	755
75.4	815
75.41	845
75.42	905
75.43	790
75.44	860
75.45	855
75.46	855
75.47	910
75.48	870
75.49	855
75.5	890
75.51	905
75.52	785
75.53	750
75.54	640
75.55	715
75.56	825
75.57	900
75.58	790
75.59	835
75.6	745
75.61	810
75.62	780
75.63	875
75.64	780
75.65	820
75.66	800
75.67	860
75.68	800
75.69	860
75.7	850
75.71	860
75.72	765
75.73	890
75.74	825
75.75	770
75.76	785
75.77	775
75.78	820
75.79	855
75.8	820
75.81	865
75.82	845
75.83	680
75.84	670
75.85	885
75.86	880
75.87	745
75.88	770
75.89	875
75.9	810
75.91	805
75.92	840
75.93	720
75.94	770
75.95	820
75.96	805
75.97	900
75.98	835
75.99	810
76	760
76.01	820
76.02	760
76.03	770
76.04	815
76.05	880
76.06	820
76.07	800
76.08	790
76.09	895
76.1	835
76.11	825
76.12	740
76.13	880
76.14	835
76.15	880
76.16	795
76.17	875
76.18	840
76.19	925
76.2	935
76.21	915
76.22	855
76.23	780
76.24	900
76.25	815
76.26	865
76.27	860
76.28	855
76.29	820
76.3	780
76.31	895
76.32	735
76.33	885
76.34	845
76.35	815
76.36	845
76.37	930
76.38	895
76.39	960
76.4	915
76.41	895
76.42	935
76.43	940
76.44	855
76.45	840
76.46	950
76.47	900
76.48	910
76.49	905
76.5	920
76.51	855
76.52	1000
76.53	860
76.54	935
76.55	760
76.56	910
76.57	790
76.58	815
76.59	765
76.6	775
76.61	795
76.62	785
76.63	905
76.64	820
76.65	905
76.66	780
76.67	850
76.68	925
76.69	860
76.7	705
76.71	850
76.72	855
76.73	730
76.74	760
76.75	810
76.76	850
76.77	810
76.78	770
76.79	845
76.8	840
76.81	770
76.82	925
76.83	835
76.84	965
76.85	815
76.86	815
76.87	780
76.88	835
76.89	845
76.9	880
76.91	765
76.92	750
76.93	785
76.94	840
76.95	885
76.96	795
76.97	790
76.98	785
76.99	800
77	770
77.01	730
77.02	765
77.03	875
77.04	730
77.05	860
77.06	780
77.07	785
77.08	770
77.09	745
77.1	785
77.11	750
77.12	665
77.13	840
77.14	790
77.15	775
77.16	855
77.17	795
77.18	705
77.19	815
77.2	845
77.21	860
77.22	745
77.23	860
77.24	850
77.25	790
77.26	845
77.27	755
77.28	725
77.29	825
77.3	800
77.31	775
77.32	775
77.33	760
77.34	720
77.35	815
77.36	815
77.37	730
77.38	835
77.39	725
77.4	845
77.41	835
77.42	910
77.43	810
77.44	820
77.45	670
77.46	760
77.47	690
77.48	710
77.49	685
77.5	820
77.51	765
77.52	735
77.53	825
77.54	735
77.55	665
77.56	710
77.57	750
77.58	770
77.59	730
77.6	820
77.61	670
77.62	850
77.63	785
77.64	855
77.65	860
77.66	760
77.67	620
77.68	800
77.69	730
77.7	790
77.71	745
77.72	715
77.73	735
77.74	700
77.75	750
77.76	640
77.77	765
77.78	770
77.79	740
77.8	670
77.81	815
77.82	705
77.83	660
77.84	890
77.85	835
77.86	695
77.87	865
77.88	730
77.89	820
77.9	590
77.91	740
77.92	710
77.93	700
77.94	780
77.95	700
77.96	685
77.97	655
77.98	775
77.99	740
78	685
78.01	745
78.02	710
78.03	750
78.04	670
78.05	710
78.06	690
78.07	780
78.08	780
78.09	740
78.1	685
78.11	785
78.12	585
78.13	735
78.14	670
78.15	725
78.16	650
78.17	845
78.18	715
78.19	670
78.2	740
78.21	650
78.22	760
78.23	785
78.24	660
78.25	710
78.26	760
78.27	700
78.28	785
78.29	800
78.3	710
78.31	685
78.32	745
78.33	775
78.34	735
78.35	670
78.36	735
78.37	795
78.38	680
78.39	685
78.4	740
78.41	740
78.42	810
78.43	740
78.44	745
78.45	740
78.46	790
78.47	745
78.48	735
78.49	750
78.5	640
78.51	800
78.52	670
78.53	710
78.54	615
78.55	775
78.56	730
78.57	680
78.58	730
78.59	750
78.6	665
78.61	680
78.62	835
78.63	775
78.64	650
78.65	695
78.66	725
78.67	740
78.68	685
78.69	740
78.7	705
78.71	820
78.72	770
78.73	655
78.74	850
78.75	705
78.76	735
78.77	795
78.78	705
78.79	800
78.8	675
78.81	715
78.82	665
78.83	750
78.84	730
78.85	675
78.86	775
78.87	680
78.88	790
78.89	690
78.9	765
78.91	675
78.92	660
78.93	735
78.94	725
78.95	630
78.96	710
78.97	730
78.98	615
78.99	725
79	695
79.01	685
79.02	705
79.03	725
79.04	730
79.05	735
79.06	650
79.07	610
79.08	635
79.09	750
79.1	750
79.11	765
79.12	620
79.13	760
79.14	735
79.15	705
79.16	800
79.17	695
79.18	720
79.19	760
79.2	645
79.21	675
79.22	650
79.23	750
79.24	685
79.25	700
79.26	735
79.27	730
79.28	755
79.29	645
79.3	645
79.31	680
79.32	785
79.33	670
79.34	800
79.35	685
79.36	720
79.37	710
79.38	695
79.39	665
79.4	620
79.41	675
79.42	805
79.43	650
79.44	655
79.45	695
79.46	665
79.47	670
79.48	725
79.49	640
79.5	715
79.51	680
79.52	765
79.53	685
79.54	795
79.55	745
79.56	730
79.57	690
79.58	630
79.59	590
79.6	595
79.61	560
79.62	775
79.63	730
79.64	605
79.65	595
79.66	605
79.67	680
79.68	645
79.69	680
79.7	680
79.71	690
79.72	670
79.73	685
79.74	545
79.75	595
79.76	640
79.77	695
79.78	690
79.79	625
79.8	690
79.81	700
79.82	775
79.83	765
79.84	670
79.85	665
79.86	585
79.87	690
79.88	605
79.89	685
79.9	630
79.91	690
79.92	705
79.93	775
79.94	595
79.95	685
79.96	630
79.97	660
79.98	655
79.99	690
80	685
